1.000000000 0.000000000 0.000000000 0.000000000 0.000000000 1.000000000 0.000000000 0.000000000 0.000000000 0.000000000 1.000000000 0.000000000
0.999999940 0.000410887 0.000059572 -0.000034396 -0.000410906 0.999999881 0.000316198 -0.000102166 -0.000059442 -0.000316223 0.999999940 0.000086711
0.999999285 0.001211163 0.000006619 -0.000174624 -0.001211163 0.999999285 -0.000046934 -0.000109320 -0.000006676 0.000046926 1.000000000 -0.000079807
0.999999642 0.000709492 0.000496973 -0.000479451 -0.000709139 0.999999523 -0.000710930 -0.000064355 -0.000497478 0.000710577 0.999999642 -0.000586249
0.999999940 0.000151470 -0.000325765 0.000356877 -0.000151483 1.000000000 -0.000039324 0.000297915 0.000325759 0.000039373 0.999999940 0.000435003
0.999999821 0.000210828 -0.000529516 0.000386729 -0.000210843 1.000000000 -0.000027317 0.000356170 0.000529510 0.000027428 0.999999881 0.000659481
0.999999940 -0.000170980 -0.000354639 0.000330680 0.000170843 0.999999940 -0.000386530 0.000444473 0.000354705 0.000386470 0.999999881 0.000552577
0.999999940 0.000105163 -0.000224004 0.000026270 -0.000105164 1.000000000 -0.000007288 0.000156612 0.000224003 0.000007311 1.000000000 0.000143299
0.999999940 0.000148594 0.000349302 -0.000469628 -0.000148459 0.999999940 -0.000384417 -0.000182345 -0.000349359 0.000384366 0.999999881 -0.000556828
0.999999821 0.000590197 -0.000051455 -0.000205113 -0.000590234 0.999999583 -0.000706554 0.000300181 0.000051038 0.000706584 0.999999762 -0.000195475
1.000000000 0.000135900 -0.000058161 -0.000157213 -0.000135929 0.999999881 -0.000491527 0.000254598 0.000058094 0.000491535 0.999999881 -0.000031837
1.000000000 -0.000003412 -0.000041612 -0.000239308 0.000003394 0.999999940 -0.000416940 -0.000040254 0.000041613 0.000416940 0.999999940 -0.000321294
0.999999940 -0.000291042 0.000194739 -0.000259670 0.000291138 0.999999821 -0.000492565 0.000235823 -0.000194595 0.000492621 0.999999881 -0.000174972
0.999999881 -0.000412809 -0.000106290 0.000100456 0.000412796 0.999999881 -0.000125261 0.000334928 0.000106342 0.000125218 1.000000000 0.000309707
0.999999762 -0.000673508 0.000020407 0.000139517 0.000673515 0.999999702 -0.000317288 0.000429226 -0.000020193 0.000317301 0.999999940 0.000372292
0.999999762 -0.000570506 -0.000412360 0.000310041 0.000570567 0.999999821 0.000148437 0.000366343 0.000412275 -0.000148673 0.999999881 0.000553624
0.999999881 -0.000059499 -0.000531452 0.000050161 0.000059529 1.000000000 0.000056747 0.000002471 0.000531449 -0.000056778 0.999999881 0.000058177
0.999999940 0.000004857 -0.000273157 0.000172904 -0.000004754 0.999999940 0.000378018 0.000205889 0.000273158 -0.000378017 0.999999881 0.000468400
0.999999881 0.000268628 -0.000387135 0.000055895 -0.000268629 0.999999940 -0.000002012 0.000201461 0.000387134 0.000002116 0.999999940 0.000209643
0.999999285 0.001084222 -0.000539967 -0.000070029 -0.001084315 0.999999404 -0.000172659 0.000329188 0.000539780 0.000173245 0.999999821 0.000183471
0.999999762 0.000235799 -0.000664156 0.000272036 -0.000235725 0.999999940 0.000112746 0.000251765 0.000664182 -0.000112589 0.999999762 0.000462529
0.999998927 0.000920372 -0.001161818 0.000300659 -0.000920232 0.999999583 0.000121505 0.000364402 0.001161929 -0.000120435 0.999999344 0.000387283
0.999999762 0.000186600 -0.000662255 0.000383537 -0.000186240 0.999999821 0.000543003 0.000389983 0.000662356 -0.000542880 0.999999642 0.000720386
1.000000000 -0.000140304 -0.000033461 0.000124045 0.000140311 0.999999940 0.000219211 0.000209923 0.000033430 -0.000219216 1.000000000 0.000422901
0.999999940 -0.000105844 -0.000316206 0.000278661 0.000105750 0.999999940 -0.000298225 0.000367378 0.000316237 0.000298191 0.999999881 0.000374143
1.000000000 -0.000007409 0.000076026 -0.000417610 0.000007429 0.999999940 -0.000262628 0.000120350 -0.000076025 0.000262629 0.999999940 -0.000426600
0.999999762 0.000641724 -0.000172097 -0.000331576 -0.000641725 0.999999821 -0.000001716 0.000069644 0.000172096 0.000001826 1.000000000 -0.000447768
0.999999821 0.000282556 -0.000489526 -0.000171767 -0.000282458 0.999999940 0.000200732 -0.000037535 0.000489582 -0.000200593 0.999999881 -0.000122313
0.999999881 0.000303244 -0.000393907 -0.000061321 -0.000302824 0.999999404 0.001065790 0.000034112 0.000394230 -0.001065671 0.999999344 0.000400249
1.000000000 0.000171303 -0.000157127 -0.000086783 -0.000171173 0.999999642 0.000822236 -0.000004377 0.000157267 -0.000822209 0.999999642 0.000186858
1.000000000 -0.000180338 0.000003101 -0.000155309 0.000180338 1.000000000 0.000034681 -0.000014317 -0.000003107 -0.000034681 1.000000000 -0.000142358
0.999999940 0.000236008 -0.000121245 -0.000166604 -0.000236074 0.999999821 -0.000541233 0.000189277 0.000121118 0.000541261 0.999999821 -0.000309043
0.999999940 0.000362238 0.000120036 -0.000289011 -0.000362175 0.999999821 -0.000527618 0.000188622 -0.000120227 0.000527575 0.999999881 -0.000494631
0.999999821 0.000389960 0.000404962 -0.000493858 -0.000389535 0.999999344 -0.001050547 -0.000048960 -0.000405372 0.001050389 0.999999344 -0.000578141
0.999999940 0.000371682 0.000192609 0.000006358 -0.000371374 0.999998629 -0.001599343 0.000002497 -0.000193203 0.001599272 0.999998689 0.000309107
0.999997497 0.002096283 0.000782131 -0.000198929 -0.002093339 0.999990821 -0.003746400 0.000176683 -0.000789977 0.003744753 0.999992669 0.000171151
0.999990821 0.004080888 0.001302394 -0.000015647 -0.004070414 0.999960124 -0.007946195 0.000038500 -0.001334769 0.007940820 0.999967575 0.000433852
0.999992251 0.003732297 0.001241288 0.000073530 -0.003717490 0.999924362 -0.011724437 -0.000090599 -0.001284953 0.011719732 0.999930501 0.000984360
0.999994993 0.002580588 -0.001840930 0.000844838 -0.002608998 0.999874890 -0.015600645 -0.000872351 0.001800441 0.015605370 0.999876618 0.002458939
0.999989212 0.001610727 -0.004356742 0.000899461 -0.001698732 0.999793053 -0.020272028 -0.000801059 0.004323188 0.020279208 0.999785006 0.003130862
0.999977946 0.001580821 -0.006452479 0.001331776 -0.001725716 0.999745071 -0.022512302 -0.000731695 0.006415247 0.022522941 0.999725759 0.005327215
0.999976575 0.001482568 -0.006685346 -0.000053023 -0.001641274 0.999715447 -0.023796700 -0.001491591 0.006648163 0.023807114 0.999694467 0.008717898
0.999940276 0.004903151 -0.009765126 0.000020620 -0.005149456 0.999665141 -0.025359532 -0.001969051 0.009637514 0.025408302 0.999630690 0.012373007
0.999873817 0.010831524 -0.011618065 -0.001622067 -0.011161941 0.999523938 -0.028762568 -0.002396821 0.011300991 0.028888620 0.999518752 0.016860550
0.999826550 0.017092519 -0.007399756 -0.006416339 -0.017313343 0.999373019 -0.030884676 -0.008554832 0.006867220 0.031007431 0.999495566 0.023139944
0.999789536 0.020134252 -0.003941283 -0.008155858 -0.020282878 0.998901665 -0.042237815 -0.009480444 0.003086527 0.042308863 0.999099791 0.029143628
0.999855876 0.016945701 -0.001029578 -0.007492112 -0.016976371 0.998481750 -0.052402448 -0.013504273 0.000140018 0.052412376 0.998625517 0.035017863
0.999893665 0.014407489 -0.002263640 -0.007073685 -0.014512267 0.998302042 -0.056412634 -0.017120451 0.001447032 0.056439485 0.998404980 0.042637888
0.999949396 0.009128488 -0.004222606 -0.009256402 -0.009363569 0.998185396 -0.059482843 -0.018336697 0.003671955 0.059519373 0.998220384 0.051186640
0.999853969 0.012204266 -0.011962505 -0.012987836 -0.012844703 0.998403192 -0.055009317 -0.021791244 0.011272055 0.055154938 0.998414159 0.076813154
0.999762356 0.016867580 -0.013810492 -0.017205602 -0.017592197 0.998377979 -0.054146953 -0.023745347 0.012874763 0.054377042 0.998437464 0.090669118
0.999617457 0.018978246 -0.020118734 -0.018175036 -0.019984649 0.998495460 -0.051062487 -0.026103292 0.019119387 0.051445019 0.998492777 0.104323775
0.999504805 0.021718416 -0.022768497 -0.022955529 -0.022826368 0.998508930 -0.049587470 -0.026675535 0.021657586 0.050082635 0.998510242 0.121507056
0.999562383 0.020599399 -0.021230362 -0.026542459 -0.021616187 0.998573065 -0.048832096 -0.028828850 0.020194156 0.049269646 0.998581350 0.137776747
0.999711394 0.010212989 -0.021743452 -0.023308054 -0.011347908 0.998544395 -0.052728970 -0.027474433 0.021173282 0.052960496 0.998372138 0.156160191
0.999714017 0.002804581 -0.023749992 -0.024316004 -0.003889440 0.998945057 -0.045756031 -0.027991965 0.023596613 0.045835316 0.998670280 0.172377348
0.999600291 -0.005778520 -0.027675007 -0.022036025 0.004687150 0.999214947 -0.039339032 -0.024551513 0.027880600 0.039193589 0.998842597 0.197333053
0.999455631 -0.013339566 -0.030175343 -0.021686155 0.012039670 0.999008656 -0.042857073 -0.022275930 0.030717123 0.042470444 0.998625398 0.218516305
0.999208152 -0.019477703 -0.034693763 -0.020763099 0.017544515 0.998322248 -0.055179968 -0.021237709 0.035710335 0.054527592 0.997873485 0.237111837
0.999265254 -0.016596306 -0.034547076 -0.021668568 0.014229823 0.997607410 -0.067653477 -0.021114858 0.035587214 0.067112170 0.997110605 0.251433849
0.999485791 -0.008958108 -0.030788263 -0.027236782 0.006907473 0.997790635 -0.066076957 -0.021289535 0.031312164 0.065830313 0.997339427 0.266546041
0.999249279 0.000786198 -0.038733516 -0.032188121 -0.003107733 0.998198807 -0.059912421 -0.018699659 0.038616646 0.059987813 0.997451842 0.278601438
0.998789191 0.010496497 -0.048062738 -0.039025582 -0.012882681 0.998685598 -0.049609765 -0.018934557 0.047478836 0.050168876 0.997611582 0.293045312
0.998501837 0.018028606 -0.051663324 -0.044899583 -0.020396799 0.998747647 -0.045684516 -0.021323074 0.050774995 0.046669841 0.997619092 0.308403552
0.998580039 0.020176493 -0.049302720 -0.049839616 -0.022640483 0.998495579 -0.049940415 -0.022977842 0.048220921 0.050985742 0.997534573 0.323758304
0.998721361 0.016438559 -0.047805637 -0.051638212 -0.019150414 0.998199999 -0.056833457 -0.024538510 0.046785329 0.057676289 0.997238457 0.333551258
0.998880208 0.015916154 -0.044553604 -0.054237284 -0.018382257 0.998289406 -0.055500444 -0.027739232 0.043594040 0.056257289 0.997464120 0.346638292
0.998972356 0.012713361 -0.043503653 -0.054940887 -0.015155610 0.998300135 -0.056277711 -0.028894208 0.042714227 0.056879204 0.997466922 0.360094160
0.998911619 0.006655276 -0.046165690 -0.052974835 -0.009150261 0.998496592 -0.054045156 -0.032352921 0.045736600 0.054408763 0.997470737 0.375562280
0.998800159 -0.001758492 -0.048940212 -0.051199477 -0.000853087 0.998578668 -0.053290669 -0.031900834 0.048964363 0.053268481 0.997379065 0.389953673
0.998504758 -0.009311967 -0.053866282 -0.046413556 0.006860274 0.998939812 -0.045521557 -0.031113347 0.054233070 0.045083951 0.997510016 0.407535613
0.998550117 -0.007124497 -0.053356908 -0.047771741 0.005188215 0.999325991 -0.036340222 -0.032196663 0.053579852 0.036010705 0.997914016 0.429260164
0.999018908 -0.008566192 -0.043449000 -0.047875371 0.006802663 0.999153316 -0.040575184 -0.035424855 0.043759786 0.040239807 0.998231351 0.450622529
0.999368310 -0.009780748 -0.034166489 -0.047152095 0.007647433 0.998045564 -0.062020708 -0.035655335 0.034706321 0.061720241 0.997489870 0.464243442
0.999641478 -0.003816418 -0.026501888 -0.047902342 0.001826320 0.997203290 -0.074714631 -0.039187230 0.026712913 0.074639447 0.996852756 0.475129783
0.999596775 0.014274195 -0.024545461 -0.043217171 -0.015971055 0.997391999 -0.070385657 -0.041712426 0.023476748 0.070749298 0.997217834 0.492107153
0.999730110 0.022962805 -0.003528079 -0.052193757 -0.023170931 0.996553540 -0.079650007 -0.039248295 0.001686932 0.079710260 0.996816635 0.521158576
0.999418557 0.031887878 0.012069452 -0.051726699 -0.030668728 0.995431542 -0.090418473 -0.040776588 -0.014897566 0.089995749 0.995830715 0.531293035
0.998560846 0.041705679 0.033717390 -0.049482398 -0.038531214 0.995208204 -0.089866735 -0.040071927 -0.037303776 0.088438228 0.995382905 0.545188546
0.997415423 0.038538210 0.060640913 -0.041118983 -0.033285063 0.995792985 -0.085372165 -0.040649410 -0.063675888 0.083133072 0.994502008 0.562659800
0.994945705 0.035661489 0.093868501 -0.030912111 -0.028460737 0.996627688 -0.076962329 -0.041741606 -0.096296541 0.073901772 0.992605388 0.577476561
0.990948439 0.028531477 0.131176010 -0.021596219 -0.019190071 0.997224808 -0.071933329 -0.037286386 -0.132864326 0.068764940 0.988745928 0.596719265
0.986862242 0.020398138 0.160271227 -0.014290400 -0.009142167 0.997458816 -0.070656754 -0.035717055 -0.161305219 0.068263255 0.984540880 0.611287475
0.985349476 -0.003814468 0.170504883 -0.010751128 0.016497567 0.997193217 -0.073030800 -0.042255476 -0.169747740 0.074773774 0.982646704 0.619729280
0.984964132 -0.013212673 0.172252804 -0.006730767 0.026243515 0.996942997 -0.073593237 -0.049328338 -0.170753852 0.077007219 0.982299864 0.630713522
0.985093117 -0.021521414 0.170670524 -0.003599556 0.035655439 0.996141911 -0.080186926 -0.052484445 -0.168286324 0.085076921 0.982059896 0.644444525
0.985811532 -0.026652254 0.165726379 0.000638625 0.041689541 0.995253921 -0.087929711 -0.053865962 -0.162596300 0.093591183 0.982243955 0.657391965
0.986048102 -0.028460218 0.164009452 0.001507044 0.043432966 0.995133996 -0.088441648 -0.051774524 -0.160694301 0.094331138 0.982486129 0.666270137
0.986391842 -0.039835881 0.159512445 0.007992074 0.053739171 0.995030999 -0.083817549 -0.055329710 -0.155380890 0.091249019 0.983631253 0.676592886
0.985971093 -0.042064659 0.161528930 0.012066390 0.056226555 0.994867384 -0.084127352 -0.056074657 -0.157161087 0.092029348 0.983275652 0.690863431
0.985126615 -0.032386120 0.168750480 0.015263855 0.048995569 0.994250596 -0.095211104 -0.059239537 -0.164696753 0.102063015 0.981049478 0.706778407
0.983725727 0.002643294 0.179657355 0.014217101 0.022422863 0.990269065 -0.137347683 -0.060800258 -0.178272173 0.139140874 0.974093854 0.725442529
0.982709110 0.017157339 0.184359580 0.009240787 0.009101332 0.990017653 -0.140649214 -0.065353245 -0.184932411 0.139895171 0.972743213 0.737680256
0.982494056 0.024341393 0.184696734 0.006906118 0.001274032 0.990525961 -0.137319744 -0.067160450 -0.186289474 0.135151148 0.973154843 0.750569940
0.982637227 0.029851452 0.183120072 0.004250726 -0.005188797 0.991007447 -0.133706287 -0.070400223 -0.185464680 0.130434602 0.973955691 0.764683366
0.982299566 0.032349013 0.184502393 0.001220031 -0.008738068 0.991816223 -0.127374366 -0.073076405 -0.187112898 0.123507589 0.974543273 0.781646132
0.982840955 0.031642318 0.181720778 -0.004660334 -0.009680505 0.992667079 -0.120491967 -0.073298953 -0.184200883 0.116665289 0.975940168 0.793224514
0.985418916 0.017728247 0.169219524 -0.006126300 0.002056190 0.993243515 -0.116030775 -0.070582695 -0.170133218 0.114686869 0.978724480 0.806246758
0.989369094 0.006089499 0.145298645 -0.004245536 0.011463157 0.992748559 -0.119661368 -0.067450032 -0.144973695 0.120054841 0.982124984 0.822627902
0.992048204 -0.001082318 0.125853673 -0.001015433 0.015474928 0.993424475 -0.113438688 -0.066602476 -0.124903344 0.114484221 0.985541761 0.840818107
0.993398249 -0.003859514 0.114651650 0.004807464 0.015526018 0.994761348 -0.101038441 -0.068323627 -0.113661073 0.102151498 0.988254130 0.856933355
0.993253469 -0.001184033 0.115957655 0.005532463 0.011575405 0.995966017 -0.088981234 -0.066623427 -0.115384527 0.089723170 0.989260435 0.876382470
0.993694365 -0.012312472 0.111444578 0.007649521 0.022313958 0.995786369 -0.088947006 -0.065390281 -0.109879836 0.090872914 0.989782095 0.893458426
0.994109690 -0.023451770 0.105810754 0.005794455 0.031661090 0.996560276 -0.076584786 -0.071412459 -0.103650741 0.079483762 0.991432726 0.908386230
0.994816363 -0.029120592 0.097428977 0.009490758 0.035762165 0.997103035 -0.067131549 -0.071213394 -0.095191821 0.070267834 0.992975831 0.926220238
0.994870365 -0.032850932 0.095675401 0.012981074 0.038574666 0.997535825 -0.058602422 -0.071342878 -0.093514495 0.061992459 0.993686080 0.946998239
0.994716823 -0.036291037 0.096028171 0.018239593 0.041406799 0.997797251 -0.051827960 -0.073118731 -0.093935750 0.055530366 0.994028389 0.963451862
0.993921280 -0.031807404 0.105398186 0.019200597 0.036406931 0.998453796 -0.042006418 -0.071558096 -0.103899099 0.045588296 0.993542492 0.982293725
0.993189394 -0.021647241 0.114482380 0.019389583 0.025369626 0.999192417 -0.031158365 -0.069035076 -0.113715440 0.033850532 0.992936552 1.001888990
0.992549300 -0.012393915 0.121211603 0.019757355 0.015378047 0.999600470 -0.023714781 -0.067860372 -0.120869257 0.025402086 0.992343366 1.020121932
0.992192626 -0.000456472 0.124713808 0.017359240 0.002302376 0.999889910 -0.014657388 -0.066050254 -0.124693394 0.014830091 0.992084503 1.038075089
0.992473781 0.000530514 0.122456089 0.014986493 -0.000100079 0.999993801 -0.003521140 -0.067324482 -0.122457191 0.003482384 0.992467701 1.057657242
0.993342578 0.006494067 0.115014471 0.009477714 -0.006523024 0.999978721 -0.000124605 -0.062862001 -0.115012832 -0.000626467 0.993363798 1.077425599
0.994004548 0.014562882 0.108364403 0.006162893 -0.016013369 0.999793291 0.012527090 -0.060943980 -0.108159572 -0.014187263 0.994032323 1.098009467
0.994185090 0.020532899 0.105708875 0.001069501 -0.022326048 0.999625742 0.015807666 -0.055962835 -0.105344735 -0.018075807 0.994271457 1.118119597
0.995179057 0.012665747 0.097253263 0.004757858 -0.015203146 0.999561906 0.025394062 -0.056779545 -0.096889026 -0.026750194 0.994935632 1.156552196
0.995027900 0.013886966 0.098623939 0.006156905 -0.016272180 0.999593258 0.023421858 -0.057004765 -0.098258562 -0.024910228 0.994849086 1.173859358
0.994280338 0.015635448 0.105650917 0.007474160 -0.018616434 0.999454260 0.027288351 -0.057319973 -0.105166592 -0.029099114 0.994028807 1.191832423
0.993864775 0.015631158 0.109491661 0.009899269 -0.018235045 0.999573231 0.022820756 -0.056711439 -0.109088227 -0.024677331 0.993725717 1.209055424
0.993305147 0.019820902 0.113807030 0.011005920 -0.020618349 0.999770403 0.005834101 -0.059008326 -0.113665268 -0.008141556 0.993485749 1.218352079
0.991617918 0.023804393 0.126993284 0.013118569 -0.023177844 0.999710798 -0.006409357 -0.061863307 -0.127109140 0.003412203 0.991882861 1.228491902
0.988648355 0.029381927 0.147346973 0.012971115 -0.027667809 0.999523699 -0.013669767 -0.065584630 -0.147678435 0.009437826 0.988990426 1.238631248
0.985581875 0.038692426 0.164715841 0.014218950 -0.035049323 0.999073625 -0.024967879 -0.064453624 -0.165529326 0.018834710 0.986024976 1.249510765
0.982997596 0.049107015 0.176929891 0.013469780 -0.042408023 0.998240232 -0.041449253 -0.067031421 -0.178653970 0.033241272 0.983350277 1.259222388
0.980351269 0.055451468 0.189305395 0.012144925 -0.047944237 0.997879922 -0.044012029 -0.071212396 -0.191344589 0.034071144 0.980931401 1.266560912
0.978939593 0.061310213 0.194726303 0.011074711 -0.052535925 0.997370839 -0.049913764 -0.073187672 -0.197274566 0.038632434 0.979586780 1.279046059
0.977934301 0.073186614 0.195673808 0.008676436 -0.064004771 0.996549129 -0.052851211 -0.076447569 -0.198866561 0.039160956 0.979243875 1.289446354
0.976969302 0.082464263 0.196801051 0.005489618 -0.072800860 0.995781302 -0.055854205 -0.073820412 -0.200576782 0.040240560 0.978851199 1.301599622
0.976848602 0.088882945 0.194593623 0.004670909 -0.079722092 0.995330036 -0.054428585 -0.074288785 -0.198522642 0.037655078 0.979372680 1.315742373
0.977035761 0.094669372 0.190889597 0.004165778 -0.085692473 0.994815409 -0.054764297 -0.072576396 -0.195084408 0.037148874 0.980082691 1.330165267
0.977118909 0.100404471 0.187503621 0.005951472 -0.091505051 0.994253874 -0.055552106 -0.070678391 -0.192003891 0.037123483 0.980691791 1.343650579
0.976801991 0.103508905 0.187466681 0.008047608 -0.092551060 0.993497193 -0.066314429 -0.068249352 -0.193111762 0.047425825 0.980029941 1.360636950
0.977245152 0.105686344 0.183908284 0.008821329 -0.093785636 0.992965758 -0.072271712 -0.067903168 -0.190252766 0.053379230 0.980282903 1.374018431
0.976698399 0.102513187 0.188550428 0.006659890 -0.089942560 0.993187904 -0.074081548 -0.068532802 -0.194860339 0.055396620 0.979265392 1.390962362
0.977453947 0.096377455 0.187870204 0.008612746 -0.083198220 0.993566513 -0.076834872 -0.071527362 -0.194066703 0.059472084 0.979183912 1.407086372
0.977912247 0.093821310 0.186775774 0.009311961 -0.080439769 0.993703306 -0.077994645 -0.074932903 -0.192917258 0.061247721 0.979301631 1.423078537
0.978452802 0.094923139 0.183356881 0.011950571 -0.081508771 0.993506730 -0.079376861 -0.075025052 -0.189700991 0.062721319 0.979836524 1.436883569
0.980219960 0.085854895 0.178319439 0.013341865 -0.072646178 0.994197190 -0.079337746 -0.070841782 -0.184096217 0.064814210 0.980768919 1.453889847
0.982848942 0.076055206 0.167998731 0.015848346 -0.066233866 0.995793104 -0.063318126 -0.070869170 -0.172107652 0.051104944 0.983751595 1.467890263
0.985034049 0.061660241 0.160953254 0.020524418 -0.055214651 0.997494817 -0.044220664 -0.067134291 -0.163276687 0.034671884 0.985970855 1.487803340
0.986028671 0.050461974 0.158748329 0.029249862 -0.047538098 0.998623490 -0.022164540 -0.067417689 -0.159648284 0.014308278 0.987070262 1.509564161
0.984349608 0.041155435 0.171353579 0.037805330 -0.037914544 0.999035597 -0.022144731 -0.068869948 -0.172099695 0.015301364 0.984960675 1.524567366
0.981110096 0.037864819 0.189708173 0.044700269 -0.034686148 0.999197125 -0.020049151 -0.071084507 -0.190315023 0.013090179 0.981635809 1.536440969
0.975475252 0.041876484 0.216088817 0.050198164 -0.037729662 0.999016702 -0.023281889 -0.072204992 -0.216851309 0.014557948 0.976096094 1.546940923
0.968864441 0.045331810 0.243406385 0.053306565 -0.037572175 0.998629630 -0.036430202 -0.075755492 -0.244724289 0.026150620 0.969240010 1.557075500
0.962613523 0.050440062 0.266140968 0.053919904 -0.035458066 0.997519672 -0.060804408 -0.078141935 -0.268547833 0.049094301 0.962014437 1.561913610
0.957908213 0.057283949 0.281301230 0.054381616 -0.036505207 0.996240497 -0.078563295 -0.084119208 -0.284744114 0.064987466 0.956398129 1.562857985
0.954322696 0.066784270 0.291218162 0.055860244 -0.040843483 0.994708538 -0.094269589 -0.085837834 -0.295972914 0.078069247 0.952000618 1.562484384
0.952575326 0.079083607 0.293847054 0.056318495 -0.048868805 0.992862701 -0.108791113 -0.086954802 -0.300353348 0.089271769 0.949641228 1.563894629
0.951663971 0.088710792 0.294051200 0.057023287 -0.057294298 0.991850317 -0.113799572 -0.086580522 -0.301750034 0.091451496 0.948990822 1.567365885
0.949785769 0.090461880 0.299539030 0.057794116 -0.060334690 0.992278993 -0.108361147 -0.084660269 -0.307028830 0.084847279 0.947910428 1.580919266
0.948745966 0.096356459 0.300992489 0.061666470 -0.071074001 0.993044019 -0.093872882 -0.079722025 -0.307944030 0.067668788 0.948994935 1.617273688
0.947776616 0.099285372 0.303087234 0.062787540 -0.074181527 0.992873132 -0.093274303 -0.079948545 -0.310187936 0.065919735 0.948387086 1.644411087
0.948757410 0.102941424 0.298768222 0.064934418 -0.075520195 0.991918862 -0.101949267 -0.081569701 -0.306848645 0.074162088 0.948864520 1.651159644
0.950762272 0.101414435 0.292858690 0.070597321 -0.074339129 0.991984904 -0.102174707 -0.083568901 -0.300873399 0.075372994 0.950680852 1.666645885
0.950037837 0.097545758 0.296501249 0.071160428 -0.072465472 0.992887855 -0.094458528 -0.085035764 -0.303606540 0.068253070 0.950349748 1.682621241
0.950741291 0.093359947 0.295592517 0.075109795 -0.069768153 0.993549109 -0.089400887 -0.085068323 -0.302032173 0.064374171 0.951121747 1.701861858
0.950958431 0.091109104 0.295596302 0.077847756 -0.067137256 0.993651032 -0.090278238 -0.084542766 -0.301944762 0.066005327 0.951037705 1.721549392
0.951957166 0.088837720 0.293062121 0.081445307 -0.066227920 0.994073212 -0.086210579 -0.086319879 -0.298983961 0.062659882 0.952198684 1.739262462
0.953717887 0.074853845 0.291237116 0.095169440 -0.056924939 0.995951772 -0.069566987 -0.086840428 -0.295265496 0.049768627 0.954118133 1.774293423
0.955169082 0.062670797 0.289351732 0.100420937 -0.042575479 0.996256471 -0.075235114 -0.088324219 -0.292983592 0.059542965 0.954261661 1.790526748
0.957468808 0.048548400 0.284423083 0.107625075 -0.028663388 0.996870995 -0.073665589 -0.091052502 -0.287109464 0.062379975 0.955864489 1.806005359
0.958090067 0.039463196 0.283735961 0.116494186 -0.017751660 0.996741176 -0.078689009 -0.091788314 -0.285916626 0.070354372 0.955668330 1.821826577
0.957869291 0.032891467 0.285314918 0.123466328 -0.009324776 0.996458471 -0.083567537 -0.094647713 -0.287053138 0.077386282 0.954783678 1.833368540
0.958151340 0.031667061 0.284505218 0.126919121 -0.007133510 0.996195138 -0.086858131 -0.096761987 -0.286173254 0.081193715 0.954731584 1.839100599
0.958530307 0.024868116 0.283903480 0.133014292 0.000824923 0.995939374 -0.090023011 -0.098465055 -0.284989357 0.086523980 0.954617560 1.851368546
0.959135413 0.025561361 0.281790525 0.134981319 0.006344206 0.993717849 -0.111734524 -0.099181771 -0.282876372 0.108956277 0.952947795 1.865236402
0.960262477 0.022383809 0.278199434 0.134874895 0.010889449 0.993014991 -0.117484733 -0.102058664 -0.278885961 0.115845621 0.953311265 1.875705123
0.963602424 0.017389290 0.266773373 0.137550265 0.016457394 0.992131233 -0.124115996 -0.104552373 -0.266832501 0.123988867 0.955733836 1.884439349
0.966420829 0.012168015 0.256676316 0.136630073 0.020027352 0.992273152 -0.122445442 -0.104542732 -0.256182939 0.123474374 0.958709776 1.894578815
0.968923032 0.013210890 0.247009262 0.139640823 0.016751520 0.992776096 -0.118806846 -0.108077370 -0.246794432 0.119252473 0.961702347 1.908470035
0.971923530 0.016549354 0.234714240 0.146418825 0.011511916 0.992984474 -0.117683329 -0.109340534 -0.235015184 0.117081210 0.964914441 1.918813586
0.970968425 0.018821839 0.238466144 0.149272427 0.012210639 0.991700053 -0.127992019 -0.111252882 -0.238895923 0.127188027 0.962679565 1.934682488
0.970789969 0.018514201 0.239215493 0.153769135 0.014506538 0.990665138 -0.135543808 -0.115983181 -0.239491940 0.135054752 0.961459219 1.945255518
0.969958425 0.017050941 0.242672533 0.157823101 0.016367022 0.990706444 -0.135028929 -0.120351315 -0.242719606 0.134944275 0.960664988 1.959050775
0.967613876 0.018849444 0.251730293 0.158019707 0.013887358 0.991723239 -0.127640709 -0.115357243 -0.252052754 0.127002791 0.959343374 1.977943778
0.966113091 0.013281271 0.257777333 0.162582219 0.013177345 0.994835317 -0.100643001 -0.113329202 -0.257782668 0.100629345 0.960948408 1.999132037
0.966079950 0.003333886 0.258221596 0.170105666 0.019506767 0.996117830 -0.085841157 -0.109406777 -0.257505327 0.087966494 0.962264478 2.022728443
0.966270626 0.005568366 0.257468671 0.172644362 0.018566972 0.995658159 -0.091214620 -0.107889235 -0.256858706 0.092918418 0.961971819 2.044485331
0.967886150 0.005896927 0.251319677 0.172523633 0.021898672 0.993946731 -0.107658327 -0.106784105 -0.250433236 0.109704569 0.961898208 2.056117773
0.969987512 0.004691540 0.243109390 0.169586122 0.024226675 0.992974162 -0.115825027 -0.109094433 -0.241944730 0.118238561 0.963058889 2.066656113
0.972865164 0.002181557 0.231362611 0.170295402 0.028118189 0.991429150 -0.127583593 -0.110515930 -0.229657963 0.130627126 0.964465559 2.071489334
0.974477947 0.004457415 0.224438906 0.172623873 0.025911484 0.990886629 -0.132182792 -0.113518663 -0.222982705 0.134624764 0.965481699 2.081924915
0.976015806 0.009337068 0.217499480 0.177015409 0.020469742 0.990717411 -0.134387389 -0.115787871 -0.216735318 0.135616377 0.966764688 2.089803457
0.976996779 0.029661065 0.211181104 0.180181310 0.004612023 0.987109542 -0.159979537 -0.113586485 -0.213204056 0.157273471 0.964266062 2.106884480
0.977338672 0.034905411 0.208783820 0.179432988 0.002318826 0.984486401 -0.175445512 -0.118458256 -0.211668834 0.171953827 0.962095737 2.112908125
0.977730393 0.037362874 0.206512302 0.175806224 0.000303315 0.983771920 -0.179423258 -0.122645304 -0.209864765 0.175490201 0.961852372 2.120096445
0.978324115 0.026321881 0.205399841 0.173557580 0.007657267 0.986611962 -0.162905544 -0.126085773 -0.206937924 0.160947219 0.965024710 2.130480289
0.979356885 0.034238402 0.199218020 0.172425658 -0.005731684 0.989858091 -0.141943961 -0.124169454 -0.202057511 0.137871936 0.969620585 2.144178867
0.980351210 0.030955292 0.194815889 0.171264037 -0.007518335 0.992756248 -0.119910404 -0.119490847 -0.197116554 0.116089627 0.973482549 2.165427208
0.980827451 0.021319684 0.193708375 0.175635383 -0.003001242 0.995532453 -0.094372451 -0.116534926 -0.194854960 0.091981731 0.976509571 2.190667629
0.980899572 0.006311361 0.194412455 0.184853569 0.008587878 0.997093737 -0.075699195 -0.113498800 -0.194325209 0.075922899 0.977994621 2.214147806
0.980654001 -0.001801504 0.195740759 0.191273794 0.013963222 0.998054147 -0.060769625 -0.115726762 -0.195250407 0.062327150 0.978770971 2.243211031
0.981587231 -0.008692436 0.190816507 0.197269157 0.021262081 0.997728169 -0.063924760 -0.117660321 -0.189827353 0.066804878 0.979542077 2.266851425
0.981737554 -0.012669943 0.189817816 0.200283334 0.027744755 0.996647179 -0.076971725 -0.120196365 -0.188206151 0.080832489 0.978797495 2.287106514
0.982194781 -0.014589608 0.187297985 0.204134241 0.028528146 0.997000873 -0.071940690 -0.123116933 -0.185686663 0.076003037 0.979665279 2.306874990
0.982110143 -0.014541486 0.187744915 0.205731258 0.026126470 0.997893512 -0.059379593 -0.123305067 -0.186485976 0.063222416 0.980421305 2.330048561
0.981834710 -0.018749082 0.188809723 0.207951531 0.026638690 0.998870909 -0.039335243 -0.119802341 -0.187859043 0.043650351 0.981225550 2.354016781
0.978348494 -0.017651523 0.206210271 0.214079425 0.018466929 0.999827385 -0.002030043 -0.116890445 -0.206138849 0.005794160 0.978505611 2.406836510
0.977335453 -0.017060148 0.211008102 0.216650128 0.014504413 0.999801576 0.013653911 -0.119478606 -0.211199164 -0.010283903 0.977388978 2.431735992
0.977625191 -0.010128831 0.210110366 0.219265193 0.008788141 0.999934614 0.007313586 -0.122704372 -0.210170716 -0.005303467 0.977650344 2.452642918
0.977630317 -0.001701028 0.210323736 0.220065266 0.005988790 0.999786973 -0.019751254 -0.124916732 -0.210245326 0.020569010 0.977432251 2.467859507
0.976481080 0.018269459 0.214827657 0.221753374 -0.004236020 0.997836769 -0.065603957 -0.123968698 -0.215561479 0.063151009 0.974446118 2.480201006
0.974123001 0.039908737 0.222467288 0.216189027 -0.020398952 0.995794475 -0.089315668 -0.138594866 -0.225096166 0.082466342 0.970840394 2.485629559
0.972644508 0.046075888 0.227683201 0.213630199 -0.021996779 0.993995726 -0.107184857 -0.140043467 -0.231254771 0.099244468 0.967818022 2.498538733
0.974277616 0.042760670 0.221257120 0.216296211 -0.018131955 0.993523717 -0.112168975 -0.141252443 -0.224620610 0.105271891 0.968743205 2.514608860
0.976471484 0.034858480 0.212810665 0.218475387 -0.010129686 0.993173838 -0.116202734 -0.143658087 -0.215408638 0.111312948 0.970159054 2.529710770
0.978563130 0.028071579 0.204024911 0.222462803 -0.004044799 0.993095517 -0.117238961 -0.143450409 -0.205907300 0.113900483 0.971920192 2.544609785
0.979551077 0.023353666 0.199835598 0.225915417 -0.001059814 0.993825674 -0.110947870 -0.144073993 -0.201192781 0.108467318 0.973527789 2.564942837
0.980186820 0.020669406 0.196993724 0.227260172 0.000782746 0.994128525 -0.108202852 -0.142883360 -0.198073566 0.106213212 0.974415541 2.585232258
0.981047273 0.019423794 0.192792699 0.229413614 0.002130969 0.993821383 -0.110970810 -0.142258078 -0.193756983 0.109278448 0.974944353 2.604683638
0.981607258 0.021410711 0.189707056 0.229564890 0.000396210 0.993460655 -0.114174061 -0.141494587 -0.190911040 0.112149253 0.975179732 2.625576973
0.984087229 0.004056098 0.177639812 0.234929845 0.014980436 0.994286120 -0.105691284 -0.137944505 -0.177053511 0.106670566 0.978403509 2.669434786
0.985135257 -0.001339763 0.171775281 0.238988012 0.016521379 0.996072888 -0.086981609 -0.135638952 -0.170984179 0.088526614 0.981288671 2.693553686
0.985026836 -0.004718179 0.172336444 0.240880176 0.017778041 0.997076213 -0.074316636 -0.137270913 -0.171481937 0.076267682 0.982230723 2.720963240
0.985950232 -0.020345025 0.165795654 0.248296559 0.030956181 0.997616410 -0.061670646 -0.140104160 -0.164145783 0.065936588 0.984229922 2.739651203
0.985718071 -0.027456038 0.166150570 0.253806263 0.035437014 0.998346448 -0.045261778 -0.137354121 -0.164633110 0.050503235 0.985061109 2.760596991
0.985628188 -0.038225524 0.164547503 0.261879653 0.043005560 0.998747170 -0.025584443 -0.137468159 -0.163363382 0.032293204 0.986037314 2.782136202
0.985478163 -0.041825861 0.164570346 0.264058203 0.043998953 0.998985648 -0.009579943 -0.141757175 -0.164002731 0.016681748 0.986318827 2.807684183
0.985993981 -0.035962969 0.162857577 0.263754219 0.038935009 0.999127746 -0.015093443 -0.144538999 -0.162172720 0.021222904 0.986534119 2.828330278
0.987045944 -0.030194798 0.157570973 0.264661342 0.034241714 0.999148190 -0.023031309 -0.151635483 -0.156741321 0.028128460 0.987239063 2.844981670
0.987401903 -0.029282114 0.155499160 0.270218968 0.035260528 0.998735726 -0.035828002 -0.154036775 -0.154253438 0.040859617 0.987186074 2.863776445
0.987174630 -0.024309693 0.157782346 0.273865581 0.032397881 0.998278439 -0.048893459 -0.155293658 -0.156322137 0.053378198 0.986262739 2.897437811
0.985995173 -0.022672810 0.165225565 0.275798917 0.032949634 0.997670889 -0.059725493 -0.158735737 -0.163486585 0.064333171 0.984445751 2.915525913
0.985177755 -0.021460723 0.170188740 0.278866827 0.035400104 0.996222138 -0.079298712 -0.163949206 -0.167843983 0.084148027 0.982215583 2.933599710
0.984557688 -0.019872850 0.173928782 0.277602524 0.036127508 0.995214105 -0.090795092 -0.168398336 -0.171292022 0.095676616 0.980563641 2.947202682
0.984302819 -0.010496383 0.176175311 0.278448373 0.027630270 0.995085537 -0.095085710 -0.161345571 -0.174311459 0.098460905 0.979755580 2.962260723
0.983489215 -0.010448450 0.180664793 0.280631781 0.026346138 0.995962143 -0.085821263 -0.160458654 -0.179038599 0.089164108 0.979793310 2.983080149
0.984234095 -0.019723862 0.175767511 0.288727880 0.032068223 0.997192264 -0.067669816 -0.160554945 -0.173939303 0.072239496 0.982103109 3.002756834
0.984519243 -0.025017940 0.173481897 0.290646315 0.034096114 0.998189628 -0.049547724 -0.155529410 -0.171928257 0.054695744 0.983589888 3.029024124
0.984501719 -0.029671792 0.172846630 0.290504932 0.036752325 0.998605132 -0.037908301 -0.149200022 -0.171480715 0.043673303 0.984218955 3.055067539
0.984935760 -0.035069343 0.169327170 0.292375922 0.040037353 0.998859465 -0.026013983 -0.154349342 -0.168221757 0.032401513 0.985216498 3.075195074
0.983864963 -0.028000711 0.176708028 0.292622626 0.034478765 0.998837233 -0.033695683 -0.159155697 -0.175559059 0.039244674 0.983686388 3.096215010
0.983639717 -0.021830924 0.178819329 0.295554042 0.036198087 0.996336579 -0.077480048 -0.179494306 -0.176472768 0.082685366 0.980826437 3.123823643
0.983729959 -0.014213596 0.179090455 0.296373457 0.033519439 0.993881822 -0.105239794 -0.184602022 -0.176498905 0.109530546 0.978187740 3.134165764
0.983040512 -0.009494710 0.183142692 0.296795845 0.033062086 0.991471052 -0.126063675 -0.184827760 -0.180383742 0.129980773 0.974970102 3.143261909
0.982813239 -0.010517417 0.184302896 0.300560534 0.033964258 0.991634488 -0.124529190 -0.188204467 -0.181451365 0.128648654 0.974948704 3.157007694
0.982375503 -0.007890654 0.186751619 0.303225517 0.028809261 0.993561924 -0.109566182 -0.188178614 -0.184684739 0.113015309 0.976278186 3.174571991
0.981091440 -0.005693640 0.193461135 0.300948590 0.021858985 0.996431410 -0.081527174 -0.184406519 -0.192306563 0.084214471 0.977714717 3.192850590
0.979344428 -0.013894601 0.201721236 0.304063022 0.023893293 0.998598874 -0.047216799 -0.183300689 -0.200782537 0.051061291 0.978304207 3.221840382
0.977870643 -0.012078697 0.208861560 0.309498578 0.018788744 0.999368072 -0.030172596 -0.185015157 -0.208365142 0.033429142 0.977479637 3.255961895
0.977493525 0.025408750 0.209429696 0.315009713 -0.013889612 0.998317778 -0.056290977 -0.185231730 -0.210507676 0.052115168 0.976202071 3.298678160
0.977176607 0.032119188 0.209986374 0.314447880 -0.018663179 0.997661471 -0.065751202 -0.188850388 -0.211607188 0.060331523 0.975490928 3.316867590
0.977929056 0.026070645 0.207304299 0.315819651 -0.013443779 0.997980177 -0.062087111 -0.189290196 -0.208504230 0.057929836 0.976304293 3.336040735
0.978766918 0.030737165 0.202658579 0.317871004 -0.018383456 0.997871816 -0.062561527 -0.186891735 -0.204150230 0.057507589 0.977248967 3.358108521
0.980036438 0.021188367 0.197685823 0.319212735 -0.009449394 0.998145401 -0.060137447 -0.183665469 -0.198593408 0.057068877 0.978419006 3.375241041
0.981311977 0.017986456 0.191581130 0.320482492 -0.010897093 0.999218524 -0.037994105 -0.183972225 -0.192114800 0.035196394 0.980741084 3.394809008
0.981968880 0.014919515 0.188452959 0.321169794 -0.011032711 0.999704599 -0.021657014 -0.185839713 -0.188720390 0.019187367 0.981843412 3.413066864
0.982391059 0.014498717 0.186272830 0.322548807 -0.012372528 0.999844432 -0.012571882 -0.192557380 -0.186426118 0.010045839 0.982417643 3.431035042
0.982113659 0.014314507 0.187744066 0.321626902 -0.011509097 0.999805391 -0.016024362 -0.194559947 -0.187936902 0.013576982 0.982087255 3.451672316
0.983014882 0.012882542 0.183073103 0.319881439 -0.009616995 0.999778628 -0.018714059 -0.204442427 -0.183273658 0.016635586 0.982921183 3.472262621
0.984457910 0.011538116 0.175241083 0.318429798 -0.005089336 0.999294698 -0.037204407 -0.208153039 -0.175546765 0.035734314 0.983822346 3.486300468
0.988141418 -0.002091304 0.153532386 0.330980718 0.010423814 0.998514116 -0.053487122 -0.205332354 -0.153192386 0.054453231 0.986694932 3.511436701
0.988585353 -0.004541491 0.150593489 0.337287158 0.013515731 0.998188734 -0.058622643 -0.200278282 -0.150054485 0.059988867 0.986856103 3.529202938
0.988193870 -0.002108428 0.153194010 0.337870121 0.010270794 0.998567581 -0.052509420 -0.197143272 -0.152863860 0.053462911 0.986800075 3.552364111
0.988613367 -0.004661629 0.150405824 0.343565315 0.013378878 0.998284638 -0.056998488 -0.203010023 -0.149882108 0.058361724 0.986979842 3.570922375
0.990038276 -0.010104251 0.140435413 0.352550685 0.020022945 0.997388244 -0.069395766 -0.205702007 -0.139367446 0.071516395 0.987654865 3.587002754
0.991489589 -0.022823976 0.128169671 0.363232672 0.032245468 0.996888995 -0.071920894 -0.209816426 -0.126129404 0.075441711 0.989140987 3.603513718
0.991656601 -0.021859799 0.127040550 0.370627701 0.029654434 0.997770309 -0.059791595 -0.212516263 -0.125450253 0.063060045 0.990093768 3.617824793
0.991020203 -0.035742175 0.128846630 0.381747633 0.042514704 0.997833848 -0.050200615 -0.216106474 -0.126773253 0.055227697 0.990393102 3.634421349
0.991585255 -0.037654001 0.123858221 0.389617652 0.043323241 0.998117983 -0.043400843 -0.218670458 -0.121990904 0.048401576 0.991350353 3.649242163
0.993994355 -0.042278919 0.100934014 0.408359081 0.045907643 0.998370230 -0.033902578 -0.226326749 -0.099336147 0.038332615 0.994315326 3.682656527
0.994314730 -0.044537999 0.096719354 0.414951295 0.050094698 0.997184277 -0.055803757 -0.227892831 -0.093961634 0.060331624 0.993746102 3.696737528
0.994292200 -0.051591713 0.093387879 0.420314282 0.059335534 0.994853079 -0.082137942 -0.227752924 -0.088669583 0.087210335 0.992235899 3.701511621
0.994577348 -0.058870465 0.085732967 0.428838581 0.066475637 0.993834376 -0.088736847 -0.229268804 -0.079980388 0.093954809 0.992358625 3.713874340
0.994725466 -0.064181060 0.080012672 0.435020238 0.071131833 0.993640780 -0.087282799 -0.230991423 -0.073901951 0.092513874 0.992965102 3.725831270
0.994612813 -0.070108190 0.076356083 0.436811298 0.076796837 0.993110776 -0.088505253 -0.233560383 -0.069625102 0.093892366 0.993144810 3.733798981
0.994727612 -0.074018471 0.070980772 0.439944237 0.080441914 0.992469847 -0.092372790 -0.234703600 -0.063608989 0.097595587 0.993191302 3.740828753
0.995116949 -0.079013549 0.059153222 0.454904109 0.085249253 0.990087748 -0.111619122 -0.239521146 -0.049747456 0.116116852 0.991988957 3.763166666
0.995151997 -0.083492860 0.051975250 0.462586761 0.088949956 0.989549994 -0.113484167 -0.242187038 -0.041956995 0.117557190 0.992179394 3.778980255
