%YAML:1.0

#--------------------------------------------------------------------------------------------
# Camera Parameters. Adjust them!
#--------------------------------------------------------------------------------------------
File.version: "1.0"

Camera.type: "PinHole"

# Camera calibration and distortion parameters (OpenCV)
Camera1.fx: 342.6859130859375
Camera1.fy: 342.6859130859375
Camera1.cx: 407.89288330078125
Camera1.cy: 221.7885284423828

Camera1.k1: 0.0
Camera1.k2: 0.0
Camera1.p1: 0.0
Camera1.p2: 0.0

Camera2.fx: 342.45599365234375
Camera2.fy: 342.45599365234375
Camera2.cx: 407.8917236328125
Camera2.cy: 221.78970336914062

Camera2.k1: 0.0
Camera2.k2: 0.0
Camera2.p1: 0.0
Camera2.p2: 0.0

Camera.width: 832
Camera.height: 468

# Camera frames per second
Camera.fps: 30

# Color order of the images (0: BGR, 1: RGB. It is ignored if images are grayscale)
Camera.RGB: 1

Camera.bf: 41.05939384423901

# Close/Far threshold. Baseline times.
Stereo.ThDepth: 35.0

# Transformation matrix from right camera to left camera
Stereo.T_c1_c2: !!opencv-matrix
  rows: 4
  cols: 4
  dt: f
  data: [0.99999938 ,-0.00056601 , 0.00095437 , 0.11998532,
    0.00056632 , 0.99999979 ,-0.00032854 , 0.00006777,
         -0.00095419,  0.00032908 , 0.99999949 , 0.00053095,
        0,0,0,1.000000000000000]

# Transformation from body-frame (imu) to left camera
IMU.T_b_c1: !!opencv-matrix
  rows: 4
  cols: 4
  dt: f
  data: [0.9999590,  0.0085594,  0.0029482,-0.0020000000949949026,
    -0.0085651,  0.9999614,  0.0019405,-0.023000003769993782,
    -0.0029314, -0.0019657,  0.9999937, 0.0002200000308221206,
    0.0, 0.0, 0.0, 1.0]

# IMU noise
IMU.NoiseGyro: 0.00016381 # 1.6968e-04
IMU.NoiseAcc: 0.00144514 # 2.0000e-3
IMU.GyroWalk: 0.0000000698
IMU.AccWalk: 0.0000003447 # 3.0000e-3
IMU.Frequency: 200.0


#--------------------------------------------------------------------------------------------
# Stereo Rectification. Only if you need to pre-rectify the images.
# Camera.fx, .fy, etc must be the same as in LEFT.P
#--------------------------------------------------------------------------------------------
LEFT.height: 468
LEFT.width: 832
LEFT.D: !!opencv-matrix
  rows: 1
  cols: 5
  dt: d
  data: [0.0, 0.0, 0.0, 0.0, 0.0]
LEFT.K: !!opencv-matrix
  rows: 3
  cols: 3
  dt: d
  data: [342.45599365234375, 0.0, 407.8917236328125, 0.0, 342.45599365234375, 221.78970336914062, 0.0, 0.0, 1.0]
LEFT.R: !!opencv-matrix
  rows: 3
  cols: 3
  dt: d
  data: [1.0, 0.0, 0.0, 0.0, 1.0, 0.0, 0.0, 0.0, 1.0]
LEFT.P: !!opencv-matrix
  rows: 3
  cols: 4
  dt: d
  data: [342.45599365234375, 0.0, 407.8917236328125, 0.0, 0.0, 342.45599365234375, 221.78970336914062, 0.0, 0.0, 0.0, 1.0, 0.0]

RIGHT.height: 468
RIGHT.width: 832
RIGHT.D: !!opencv-matrix
  rows: 1
  cols: 5
  dt: d
  data: [0.0, 0.0, 0.0, 0.0, 0.0]
RIGHT.K: !!opencv-matrix
  rows: 3
  cols: 3
  dt: d
  data: [342.45599365234375, 0.0, 407.8917236328125, 0.0, 342.45599365234375, 221.78970336914062, 0.0, 0.0, 1.0]
RIGHT.R: !!opencv-matrix
  rows: 3
  cols: 3
  dt: d
  data: [1.0, 0.0, 0.0, 0.0, 1.0, 0.0, 0.0, 0.0, 1.0]
RIGHT.P: !!opencv-matrix
  rows: 3
  cols: 4
  dt: d
  data: [342.45599365234375, 0.0, 407.8917236328125, -41.05903625488281, 0.0, 342.45599365234375, 221.78970336914062, 0.0, 0.0, 0.0, 1.0, 0.0]

#--------------------------------------------------------------------------------------------
# ORB Parameters
#--------------------------------------------------------------------------------------------

# ORB Extractor: Number of features per image
ORBextractor.nFeatures: 3500

# ORB Extractor: Scale factor between levels in the scale pyramid
ORBextractor.scaleFactor: 1.2

# ORB Extractor: Number of levels in the scale pyramid
ORBextractor.nLevels: 8

# ORB Extractor: Fast threshold
# Image is divided in a grid. At each cell FAST are extracted imposing a minimum response.
# Firstly we impose iniThFAST. If no corners are detected we impose a lower value minThFAST
# You can lower these values if your images have low contrast
ORBextractor.iniThFAST: 20
ORBextractor.minThFAST: 7

#--------------------------------------------------------------------------------------------
# Viewer Parameters
#--------------------------------------------------------------------------------------------
Viewer.KeyFrameSize: 0.05
Viewer.KeyFrameLineWidth: 1.0
Viewer.GraphLineWidth: 0.9
Viewer.PointSize: 2.0
Viewer.CameraSize: 0.08
Viewer.CameraLineWidth: 3.0
Viewer.ViewpointX: 0.0
Viewer.ViewpointY: -0.7
Viewer.ViewpointZ: -1.8
Viewer.ViewpointF: 500.0
Viewer.imageViewScale: 1.0


# zed2 parameter reference https://github.com/jrcuaranv/terrasentia-dataset/blob/main/sensor_parameters.txt